! 1H energy loss (dE/dX) in Cr2O3
! apply ZOOM for details
Energy (MeV/u)1	0 - [He-base] F.Hubert et al, AD&ND Tables 46(1990)1	Energy (MeV/u)2	1 - [H -base] J.F.Ziegler et al,Pergamon Press,NY(low energy)	Energy (MeV/u)3	2 - ATIMA 1.2 LS-theory (recommended for high energy)	Energy (MeV/u)4	3 - ATIMA 1.2 without LS-correction	Energy (MeV/u)5	4 - ATIMA 1.4 H.Weick, improved mean charge formula for HI	Energy (MeV/u)6	5 - electrical component of [1] - J.F.Ziegler et al	Energy (MeV/u)7	6 - nuclear component of [1] - J.F.Ziegler et al	
0.001000	0.198835  	0.001000	0.0685327 	0.001000	0.0755572 	0.001000	0.0755572 	0.001000	0.075511  	0.001000	0.060312  	0.001000	0.0082208 	
0.002000	0.241703  	0.002000	0.0892945 	0.002000	0.0988901 	0.002000	0.0988901 	0.002000	0.0988571 	0.002000	0.0823886 	0.002000	0.00690596	
0.005000	0.321167  	0.005000	0.129265  	0.005000	0.143757  	0.005000	0.143757  	0.005000	0.143739  	0.005000	0.124434  	0.005000	0.00483027	
0.008000	0.374726  	0.008000	0.157563  	0.008000	0.175469  	0.008000	0.175469  	0.008000	0.175457  	0.008000	0.153742  	0.008000	0.00382078	
0.010000	0.403699  	0.010000	0.173364  	0.010000	0.193161  	0.010000	0.193161  	0.010000	0.193151  	0.010000	0.169982  	0.010000	0.00338181	
0.015000	0.487402  	0.015000	0.211462  	0.015000	0.230433  	0.015000	0.230433  	0.015000	0.230426  	0.015000	0.208795  	0.015000	0.00266649	
0.020000	0.555885  	0.020000	0.241889  	0.020000	0.261474  	0.020000	0.261474  	0.020000	0.261468  	0.020000	0.239661  	0.020000	0.00222759	
0.025000	0.612489  	0.025000	0.2673    	0.025000	0.288549  	0.025000	0.288549  	0.025000	0.288545  	0.025000	0.265381  	0.025000	0.00191893	
0.030000	0.65898   	0.030000	0.288815  	0.030000	0.316395  	0.030000	0.316395  	0.030000	0.316391  	0.030000	0.287116  	0.030000	0.0016985 	
0.035000	0.696513  	0.035000	0.307078  	0.035000	0.33741   	0.035000	0.33741   	0.035000	0.337407  	0.035000	0.30555   	0.035000	0.00152849	
0.040000	0.725995  	0.040000	0.32258   	0.040000	0.352829  	0.040000	0.352829  	0.040000	0.352827  	0.040000	0.321187  	0.040000	0.00139282	
0.045000	0.74824   	0.045000	0.335717  	0.045000	0.364069  	0.045000	0.364069  	0.045000	0.364067  	0.045000	0.334435  	0.045000	0.00128169	
0.050000	0.764027  	0.050000	0.346818  	0.050000	0.372337  	0.050000	0.372337  	0.050000	0.372335  	0.050000	0.345629  	0.050000	0.00118878	
0.055000	0.774127  	0.055000	0.35616   	0.055000	0.378517  	0.055000	0.378517  	0.055000	0.378515  	0.055000	0.35505   	0.055000	0.00110978	
0.060000	0.779293  	0.060000	0.363976  	0.060000	0.383207  	0.060000	0.383207  	0.060000	0.383206  	0.060000	0.362935  	0.060000	0.00104169	
0.070000	0.77771   	0.070000	0.375792  	0.070000	0.389536  	0.070000	0.389536  	0.070000	0.389535  	0.070000	0.374868  	0.070000	0.000924836	
0.080000	0.764581  	0.080000	0.383544  	0.080000	0.393096  	0.080000	0.393096  	0.080000	0.393095  	0.080000	0.382707  	0.080000	0.000837446	
0.090000	0.744271  	0.090000	0.388166  	0.090000	0.394697  	0.090000	0.394697  	0.090000	0.394696  	0.090000	0.3874    	0.090000	0.000766518	
0.100000	0.720087  	0.100000	0.390368  	0.100000	0.394799  	0.100000	0.394799  	0.100000	0.394798  	0.100000	0.38966   	0.100000	0.000707676	
0.120000	0.668606  	0.120000	0.389569  	0.120000	0.391683  	0.120000	0.391683  	0.120000	0.391682  	0.120000	0.388954  	0.120000	0.000615413	
0.140000	0.620322  	0.140000	0.38422   	0.140000	0.385511  	0.140000	0.385511  	0.140000	0.385511  	0.140000	0.383674  	0.140000	0.000546109	
0.160000	0.578404  	0.160000	0.376229  	0.160000	0.377447  	0.160000	0.377447  	0.160000	0.377446  	0.160000	0.375737  	0.160000	0.000491953	
0.180000	0.542987  	0.180000	0.366802  	0.180000	0.368278  	0.180000	0.368278  	0.180000	0.368278  	0.180000	0.366353  	0.180000	0.000448352	
0.200000	0.513187  	0.200000	0.356704  	0.200000	0.358541  	0.200000	0.358541  	0.200000	0.358541  	0.200000	0.356291  	0.200000	0.000412422	
0.250000	0.456593  	0.250000	0.331246  	0.250000	0.333785  	0.250000	0.333785  	0.250000	0.333785  	0.250000	0.330901  	0.250000	0.000345025	
0.300000	0.416239  	0.300000	0.307754  	0.300000	0.310426  	0.300000	0.310426  	0.300000	0.310426  	0.300000	0.307456  	0.300000	0.000297794	
0.350000	0.385252  	0.350000	0.287032  	0.350000	0.289407  	0.350000	0.289407  	0.350000	0.289407  	0.350000	0.286769  	0.350000	0.000262697	
0.400000	0.360125  	0.400000	0.268973  	0.400000	0.270848  	0.400000	0.270848  	0.400000	0.270848  	0.400000	0.268737  	0.400000	0.000235503	
0.450000	0.338977  	0.450000	0.253227  	0.450000	0.254559  	0.450000	0.254559  	0.450000	0.254559  	0.450000	0.253013  	0.450000	0.00021376	
0.500000	0.320724  	0.500000	0.239426  	0.500000	0.240256  	0.500000	0.240256  	0.500000	0.240256  	0.500000	0.23923   	0.500000	0.000195946	
0.600000	0.290423  	0.600000	0.216421  	0.600000	0.216489  	0.600000	0.216489  	0.600000	0.216489  	0.600000	0.216252  	0.600000	0.000168425	
0.700000	0.266     	0.700000	0.198004  	0.700000	0.197629  	0.700000	0.197629  	0.700000	0.197629  	0.700000	0.197856  	0.700000	0.000148087	
0.800000	0.245742  	0.800000	0.182895  	0.800000	0.182308  	0.800000	0.182308  	0.800000	0.182308  	0.800000	0.182762  	0.800000	0.000132397	
0.900000	0.228602  	0.900000	0.170246  	0.900000	0.169594  	0.900000	0.169594  	0.900000	0.169594  	0.900000	0.170126  	0.900000	0.000119899	
1.000000	0.213877  	1.000000	0.159477  	1.000000	0.158845  	1.000000	0.158845  	1.000000	0.158845  	1.000000	0.159368  	1.000000	0.00010969	
1.250000	0.184691  	1.250000	0.138376  	1.250000	0.137945  	1.250000	0.137945  	1.250000	0.137945  	1.250000	0.138285  	1.250000	9.07695e-05	
1.500000	0.162947  	1.500000	0.122825  	1.500000	0.122625  	1.500000	0.122625  	1.500000	0.122625  	1.500000	0.122748  	1.500000	7.76958e-05	
1.750000	0.146068  	1.750000	0.110821  	1.750000	0.110811  	1.750000	0.110811  	1.750000	0.110811  	1.750000	0.110753  	1.750000	6.80854e-05	
2.000000	0.132556  	2.000000	0.101236  	2.000000	0.101366  	2.000000	0.101366  	2.000000	0.101366  	2.000000	0.101175  	2.000000	6.07033e-05	
2.250000	0.121475  	2.250000	0.09338   	2.250000	0.0936088 	2.250000	0.0936088 	2.250000	0.0936088 	2.250000	0.0933252 	2.250000	5.48434e-05	
2.500000	0.11173   	2.500000	0.0868082 	2.500000	0.0871034 	2.500000	0.0871034 	2.500000	0.0871034 	2.500000	0.0867581 	2.500000	5.00714e-05	
3.000000	0.0975606 	3.000000	0.0763974 	3.000000	0.0767597 	3.000000	0.0767597 	3.000000	0.0767597 	3.000000	0.0763546 	3.000000	4.27535e-05	
3.500000	0.0868065 	3.500000	0.0684848 	3.500000	0.0688619 	3.500000	0.0688619 	3.500000	0.0688619 	3.500000	0.0684474 	3.500000	3.73903e-05	
4.000000	0.0783425 	4.000000	0.0622412 	4.000000	0.0626057 	4.000000	0.0626057 	4.000000	0.0626058 	4.000000	0.0622079 	4.000000	3.32808e-05	
4.500000	0.0714933 	4.500000	0.0571724 	4.500000	0.0575106 	4.500000	0.0575106 	4.500000	0.0575106 	4.500000	0.0571423 	4.500000	3.00254e-05	
5.000000	0.0658281 	5.000000	0.0529646 	5.000000	0.0532699 	5.000000	0.0532699 	5.000000	0.0532699 	5.000000	0.0529372 	5.000000	2.73791e-05	
5.500000	0.0610583 	5.500000	0.0494084 	5.500000	0.0496782 	5.500000	0.0496782 	5.500000	0.0496782 	5.500000	0.0493832 	5.500000	2.5183e-05	
6.000000	0.056983  	6.000000	0.046358  	6.000000	0.046592  	6.000000	0.046592  	6.000000	0.0465921 	6.000000	0.0463346 	6.000000	2.33295e-05	
6.500000	0.0534578 	6.500000	0.0437089 	6.500000	0.0439081 	6.500000	0.0439081 	6.500000	0.0439082 	6.500000	0.0436871 	6.500000	2.17431e-05	
7.000000	0.0503763 	7.000000	0.041384  	7.000000	0.04155   	7.000000	0.04155   	7.000000	0.04155   	7.000000	0.0413636 	7.000000	2.0369e-05	
7.500000	0.0476579 	7.500000	0.039325  	7.500000	0.0394596 	7.500000	0.0394596 	7.500000	0.0394596 	7.500000	0.0393059 	7.500000	1.91666e-05	
8.000000	0.0452408 	8.000000	0.0374872 	8.000000	0.0375923 	8.000000	0.0375923 	8.000000	0.0375923 	8.000000	0.0374691 	8.000000	1.8105e-05	
8.500000	0.0430766 	8.500000	0.0358353 	8.500000	0.0359129 	8.500000	0.0359129 	8.500000	0.0359129 	8.500000	0.0358182 	8.500000	1.71606e-05	
9.000000	0.0411268 	9.000000	0.0343415 	9.000000	0.0343935 	9.000000	0.0343935 	9.000000	0.0343935 	9.000000	0.0343252 	9.000000	1.63146e-05	
9.500000	0.0393604 	9.500000	0.0329833 	9.500000	0.0330114 	9.500000	0.0330114 	9.500000	0.0330115 	9.500000	0.0329678 	9.500000	1.55521e-05	
10.000000	0.0377522 	10.000000	0.031958  	10.000000	0.0317483 	10.000000	0.0317483 	10.000000	0.0317483 	10.000000	0.0319431 	10.000000	1.48612e-05	
11.000000	0.0349308 	11.000000	0.0297706 	11.000000	0.0295155 	11.000000	0.0295158 	11.000000	0.0295131 	11.000000	0.029757  	11.000000	1.36567e-05	
12.000000	0.0325348 	12.000000	0.0278813 	12.000000	0.0276049 	12.000000	0.0276055 	12.000000	0.0276032 	12.000000	0.0278687 	12.000000	1.26412e-05	
13.000000	0.030473  	13.000000	0.026233  	13.000000	0.0259501 	13.000000	0.0259505 	13.000000	0.025949  	13.000000	0.0262213 	13.000000	1.17729e-05	
14.000000	0.0286789 	14.000000	0.0247823 	14.000000	0.0245014 	14.000000	0.0245014 	14.000000	0.0245006 	14.000000	0.0247713 	14.000000	1.10214e-05	
15.000000	0.0271027 	15.000000	0.0234954 	15.000000	0.0232209 	15.000000	0.023221  	15.000000	0.0232208 	15.000000	0.0234851 	15.000000	1.03644e-05	
16.000000	0.0257062 	16.000000	0.022346  	16.000000	0.0220809 	16.000000	0.0220806 	16.000000	0.0220808 	16.000000	0.0223362 	16.000000	9.78481e-06	
17.000000	0.0244599 	17.000000	0.0213129 	17.000000	0.0210591 	17.000000	0.0210579 	17.000000	0.0210585 	17.000000	0.0213036 	17.000000	9.26951e-06	
18.000000	0.0233404 	18.000000	0.0203791 	18.000000	0.0201368 	18.000000	0.0201351 	18.000000	0.0201361 	18.000000	0.0203703 	18.000000	8.80822e-06	
19.000000	0.0223288 	19.000000	0.0195309 	19.000000	0.0192997 	19.000000	0.019298  	19.000000	0.0192992 	19.000000	0.0195225 	19.000000	8.39273e-06	
20.000000	0.0214101 	20.000000	0.0187569 	20.000000	0.0185366 	20.000000	0.0185349 	20.000000	0.0185364 	20.000000	0.0187489 	20.000000	8.01644e-06	
21.000000	0.0205717 	21.000000	0.0180477 	21.000000	0.0178379 	21.000000	0.0178361 	21.000000	0.017838  	21.000000	0.01804   	21.000000	7.67398e-06	
22.000000	0.0198034 	22.000000	0.0173953 	22.000000	0.0171956 	22.000000	0.0171939 	22.000000	0.017196  	22.000000	0.0173879 	22.000000	7.36091e-06	
23.000000	0.0190966 	23.000000	0.016793  	23.000000	0.0166032 	23.000000	0.0166014 	23.000000	0.0166038 	23.000000	0.016786  	23.000000	7.07354e-06	
24.000000	0.018444  	24.000000	0.0162354 	24.000000	0.0160556 	24.000000	0.0160531 	24.000000	0.0160558 	24.000000	0.0162286 	24.000000	6.80878e-06	
25.000000	0.0178395 	25.000000	0.0157175 	25.000000	0.0155477 	25.000000	0.0155441 	25.000000	0.0155472 	25.000000	0.0157109 	25.000000	6.56403e-06	
27.000000	0.0167548 	27.000000	0.0147847 	27.000000	0.014633  	27.000000	0.0146284 	27.000000	0.014632  	27.000000	0.0147786 	27.000000	6.12599e-06	
29.000000	0.0158086 	29.000000	0.0139678 	29.000000	0.0138321 	29.000000	0.0138276 	29.000000	0.0138318 	29.000000	0.0139621 	29.000000	5.74516e-06	
31.000000	0.0149756 	31.000000	0.0132462 	31.000000	0.0131269 	31.000000	0.0131223 	31.000000	0.0131268 	31.000000	0.0132407 	31.000000	5.41087e-06	
33.000000	0.0142362 	33.000000	0.0126038 	33.000000	0.0124995 	33.000000	0.0124953 	33.000000	0.0124998 	33.000000	0.0125987 	33.000000	5.11497e-06	
35.000000	0.0135753 	35.000000	0.0120282 	35.000000	0.0119367 	35.000000	0.0119329 	35.000000	0.0119375 	35.000000	0.0120234 	35.000000	4.8511e-06	
38.000000	0.0127051 	38.000000	0.0112687 	38.000000	0.0111952 	38.000000	0.0111901 	38.000000	0.0111946 	38.000000	0.0112642 	38.000000	4.5047e-06	
41.000000	0.0119535 	41.000000	0.010611  	41.000000	0.0105514 	41.000000	0.0105461 	41.000000	0.0105506 	41.000000	0.0106068 	41.000000	4.20642e-06	
44.000000	0.0112973 	44.000000	0.0100358 	44.000000	0.00998687	44.000000	0.00998205	44.000000	0.00998655	44.000000	0.0100319 	44.000000	3.94674e-06	
47.000000	0.0107192 	47.000000	0.00952833	47.000000	0.00948828	47.000000	0.0094837 	47.000000	0.00948817	47.000000	0.00952462	47.000000	3.71855e-06	
50.000000	0.0102057 	50.000000	0.00907709	50.000000	0.0090443 	50.000000	0.00904   	50.000000	0.00904442	50.000000	0.00907358	50.000000	3.51635e-06	
55.000000	0.00946597	55.000000	0.00842652	55.000000	0.00840314	55.000000	0.00839918	55.000000	0.0084035 	55.000000	0.00842329	55.000000	3.22598e-06	
60.000000	0.00884144	60.000000	0.00787685	60.000000	0.00786053	60.000000	0.00785661	60.000000	0.00786085	60.000000	0.00787387	60.000000	2.98166e-06	
65.000000	0.00830663	65.000000	0.00740607	65.000000	0.00739562	65.000000	0.00739099	65.000000	0.00739514	65.000000	0.00740329	65.000000	2.77312e-06	
70.000000	0.00784316	70.000000	0.00699814	70.000000	0.00699101	70.000000	0.00698679	70.000000	0.00699086	70.000000	0.00699555	70.000000	2.59293e-06	
75.000000	0.00743736	75.000000	0.00664114	75.000000	0.00663644	75.000000	0.00663246	75.000000	0.00663644	75.000000	0.00663871	75.000000	2.43562e-06	
80.000000	0.00707889	80.000000	0.006326  	80.000000	0.00632293	80.000000	0.00631918	80.000000	0.00632308	80.000000	0.00632371	80.000000	2.29703e-06	
85.000000	0.00675975	85.000000	0.00604569	85.000000	0.00604367	85.000000	0.00604012	85.000000	0.00604394	85.000000	0.00604351	85.000000	2.17397e-06	
90.000000	0.00647368	90.000000	0.00579467	90.000000	0.0057933 	90.000000	0.00578988	90.000000	0.00579364	90.000000	0.00579261	90.000000	2.06393e-06	
95.000000	0.00621567	95.000000	0.00556854	95.000000	0.00556824	95.000000	0.00556419	95.000000	0.00556787	95.000000	0.00556658	95.000000	1.96492e-06	
100.000000	0.0059817 	100.000000	0.00536374	100.000000	0.00536342	100.000000	0.00535955	100.000000	0.00536317	100.000000	0.00536187	100.000000	1.87534e-06	
105.000000	0.00576847	105.000000	0.00517736	105.000000	0.00517682	105.000000	0.00517312	105.000000	0.00517668	105.000000	0.00517557	105.000000	1.7939e-06	
110.000000	0.0055733 	110.000000	0.005007  	110.000000	0.00500612	110.000000	0.00500255	110.000000	0.00500605	110.000000	0.00500528	110.000000	1.7195e-06	
115.000000	0.00539391	115.000000	0.00485066	115.000000	0.00484932	115.000000	0.00484588	115.000000	0.00484933	115.000000	0.004849  	115.000000	1.65128e-06	
120.000000	0.00522843	120.000000	0.00470666	120.000000	0.00470478	120.000000	0.00470147	120.000000	0.00470487	120.000000	0.00470507	120.000000	1.58847e-06	
125.000000	0.00507526	125.000000	0.00457359	125.000000	0.00457113	125.000000	0.00456792	125.000000	0.00457127	125.000000	0.00457206	125.000000	1.53045e-06	
130.000000	0.00493304	130.000000	0.00445023	130.000000	0.00444714	130.000000	0.00444404	130.000000	0.00444734	130.000000	0.00444876	130.000000	1.47669e-06	
135.000000	0.00480061	135.000000	0.00433557	135.000000	0.00433175	135.000000	0.00432881	135.000000	0.00433207	135.000000	0.00433414	135.000000	1.42672e-06	
140.000000	0.00467696	140.000000	0.00422869	140.000000	0.00422451	140.000000	0.00422135	140.000000	0.00422457	140.000000	0.00422731	140.000000	1.38016e-06	
145.000000	0.00456123	145.000000	0.00412883	145.000000	0.00412435	145.000000	0.0041209 	145.000000	0.00412408	145.000000	0.0041275 	145.000000	1.33666e-06	
150.000000	0.00445266	150.000000	0.00403532	150.000000	0.00403014	150.000000	0.0040268 	150.000000	0.00402994	150.000000	0.00403403	150.000000	1.29592e-06	
155.000000	0.00429979	155.000000	0.00394757	155.000000	0.00394166	155.000000	0.00393845	155.000000	0.00394155	155.000000	0.00394631	155.000000	1.25769e-06	
160.000000	0.00421019	160.000000	0.00386506	160.000000	0.0038585 	160.000000	0.00385534	160.000000	0.00385841	160.000000	0.00386383	160.000000	1.22174e-06	
165.000000	0.00412569	165.000000	0.00378732	165.000000	0.00378011	165.000000	0.00377703	165.000000	0.00378007	165.000000	0.00378613	165.000000	1.18787e-06	
170.000000	0.00404587	170.000000	0.00371396	170.000000	0.00370611	170.000000	0.0037031 	170.000000	0.00370611	170.000000	0.00371281	170.000000	1.15591e-06	
175.000000	0.00397035	175.000000	0.00364462	175.000000	0.00363614	175.000000	0.00363321	175.000000	0.00363618	175.000000	0.00364349	175.000000	1.12568e-06	
180.000000	0.00389877	180.000000	0.00357897	180.000000	0.00356989	180.000000	0.00356702	180.000000	0.00356996	180.000000	0.00357787	180.000000	1.09706e-06	
185.000000	0.00383084	185.000000	0.00351672	185.000000	0.00350707	185.000000	0.00350425	185.000000	0.00350717	185.000000	0.00351565	185.000000	1.06991e-06	
190.000000	0.00376628	190.000000	0.00345763	190.000000	0.00344743	190.000000	0.00344465	190.000000	0.00344754	190.000000	0.00345658	190.000000	1.04413e-06	
195.000000	0.00370485	195.000000	0.00340144	195.000000	0.00339067	195.000000	0.00338798	195.000000	0.00339085	195.000000	0.00340042	195.000000	1.01961e-06	
200.000000	0.00364631	200.000000	0.00334796	200.000000	0.00333665	200.000000	0.00333404	200.000000	0.00333688	200.000000	0.00334697	200.000000	9.96256e-07	
210.000000	0.00353714	210.000000	0.00324837	210.000000	0.00323649	210.000000	0.00323357	210.000000	0.00323636	210.000000	0.00324742	210.000000	9.52742e-07	
220.000000	0.00343736	220.000000	0.00315752	220.000000	0.00314482	220.000000	0.00314192	220.000000	0.00314466	220.000000	0.00315661	220.000000	9.1301e-07	
230.000000	0.00334581	230.000000	0.00307432	230.000000	0.00306078	230.000000	0.00305798	230.000000	0.00306069	230.000000	0.00307344	230.000000	8.76581e-07	
240.000000	0.00326149	240.000000	0.00299784	240.000000	0.00298356	240.000000	0.00298084	240.000000	0.00298351	240.000000	0.002997  	240.000000	8.43054e-07	
250.000000	0.00318358	250.000000	0.00292731	250.000000	0.00291235	250.000000	0.00290971	250.000000	0.00291235	250.000000	0.0029265 	250.000000	8.12092e-07	
260.000000	0.00311138	260.000000	0.00286206	260.000000	0.00284649	260.000000	0.00284392	260.000000	0.00284652	260.000000	0.00286127	260.000000	7.83408e-07	
270.000000	0.00304427	270.000000	0.00280152	270.000000	0.00278542	270.000000	0.00278291	270.000000	0.00278548	270.000000	0.00280076	270.000000	7.56756e-07	
280.000000	0.00298174	280.000000	0.00274521	280.000000	0.00272862	280.000000	0.00272618	280.000000	0.00272872	280.000000	0.00274448	280.000000	7.31924e-07	
290.000000	0.00292333	290.000000	0.00269271	290.000000	0.00267565	290.000000	0.0026733 	290.000000	0.00267581	290.000000	0.002692  	290.000000	7.08731e-07	
300.000000	0.00286866	300.000000	0.00264364	300.000000	0.00262637	300.000000	0.0026239 	300.000000	0.00262639	300.000000	0.00264295	300.000000	6.87017e-07	
310.000000	0.00281737	310.000000	0.00259769	310.000000	0.0025803 	310.000000	0.00257767	310.000000	0.00258012	310.000000	0.00259702	310.000000	6.66643e-07	
320.000000	0.00276916	320.000000	0.00255457	320.000000	0.00253687	320.000000	0.0025343 	320.000000	0.00253674	320.000000	0.00255392	320.000000	6.47487e-07	
330.000000	0.00272377	330.000000	0.00251404	330.000000	0.00249606	330.000000	0.00249356	330.000000	0.00249597	330.000000	0.00251341	330.000000	6.29443e-07	
340.000000	0.00268096	340.000000	0.00247587	340.000000	0.00245767	340.000000	0.00245521	340.000000	0.0024576 	340.000000	0.00247525	340.000000	6.12414e-07	
350.000000	0.00264051	350.000000	0.00243986	350.000000	0.00242148	350.000000	0.00241906	350.000000	0.00242143	350.000000	0.00243926	350.000000	5.96316e-07	
360.000000	0.00260225	360.000000	0.00240585	360.000000	0.0023873 	360.000000	0.00238493	360.000000	0.00238728	360.000000	0.00240527	360.000000	5.81075e-07	
370.000000	0.002566  	370.000000	0.00237367	370.000000	0.002355  	370.000000	0.00235266	370.000000	0.00235499	370.000000	0.00237311	370.000000	5.66622e-07	
380.000000	0.00253161	380.000000	0.00234319	380.000000	0.00232441	380.000000	0.00232211	380.000000	0.00232442	380.000000	0.00234264	380.000000	5.52897e-07	
390.000000	0.00249895	390.000000	0.00231428	390.000000	0.00229542	390.000000	0.00229315	390.000000	0.00229545	390.000000	0.00231374	390.000000	5.39846e-07	
400.000000	0.00246788	400.000000	0.00228682	400.000000	0.0022679 	400.000000	0.00226566	400.000000	0.00226794	400.000000	0.0022863 	400.000000	5.2742e-07	
410.000000	0.00243831	410.000000	0.00226072	410.000000	0.00224175	410.000000	0.00223955	410.000000	0.00224181	410.000000	0.0022602 	410.000000	5.15574e-07	
420.000000	0.00241012	420.000000	0.00223587	420.000000	0.00221689	420.000000	0.00221471	420.000000	0.00221696	420.000000	0.00223537	420.000000	5.04268e-07	
430.000000	0.00238323	430.000000	0.0022122 	430.000000	0.0021932 	430.000000	0.00219106	430.000000	0.00219329	430.000000	0.00221171	430.000000	4.93466e-07	
440.000000	0.00235756	440.000000	0.00218962	440.000000	0.00217061	440.000000	0.00216851	440.000000	0.00217074	440.000000	0.00218914	440.000000	4.83134e-07	
450.000000	0.00233302	450.000000	0.00216807	450.000000	0.00214916	450.000000	0.00214709	450.000000	0.0021493 	450.000000	0.0021676 	450.000000	4.73242e-07	
460.000000	0.00230954	460.000000	0.00214748	460.000000	0.00212877	460.000000	0.00212664	460.000000	0.00212883	460.000000	0.00214702	460.000000	4.63762e-07	
470.000000	0.00228707	470.000000	0.00212779	470.000000	0.00210933	470.000000	0.00210709	470.000000	0.00210928	470.000000	0.00212734	470.000000	4.54668e-07	
480.000000	0.00226553	480.000000	0.00210895	480.000000	0.00209069	480.000000	0.0020884 	480.000000	0.00209057	480.000000	0.0021085 	480.000000	4.45937e-07	
490.000000	0.00224489	490.000000	0.0020909 	490.000000	0.00207278	490.000000	0.00207051	490.000000	0.00207267	490.000000	0.00209046	490.000000	4.37548e-07	
500.000000	0.00222507	500.000000	0.0020736 	500.000000	0.0020556 	500.000000	0.00205337	500.000000	0.00205552	500.000000	0.00207317	500.000000	4.2948e-07	
520.000000	0.00218778	520.000000	0.00204108	520.000000	0.00202337	520.000000	0.00202119	520.000000	0.00202332	520.000000	0.00204066	520.000000	4.14236e-07	
540.000000	0.00215331	540.000000	0.00201108	540.000000	0.00199369	540.000000	0.00199155	540.000000	0.00199366	540.000000	0.00201068	540.000000	4.00076e-07	
560.000000	0.00212137	560.000000	0.00198335	560.000000	0.00196628	560.000000	0.00196418	560.000000	0.00196627	560.000000	0.00198296	560.000000	3.86885e-07	
580.000000	0.00209173	580.000000	0.00195765	580.000000	0.00194091	580.000000	0.00193884	580.000000	0.00194092	580.000000	0.00195728	580.000000	3.74567e-07	
600.000000	0.00206416	600.000000	0.00193379	600.000000	0.00191739	600.000000	0.00191535	600.000000	0.00191741	600.000000	0.00193342	600.000000	3.63036e-07	
620.000000	0.00203847	620.000000	0.00191159	620.000000	0.00189552	620.000000	0.00189352	620.000000	0.00189556	620.000000	0.00191124	620.000000	3.52219e-07	
640.000000	0.00201449	640.000000	0.0018909 	640.000000	0.00187518	640.000000	0.00187319	640.000000	0.00187522	640.000000	0.00189056	640.000000	3.42051e-07	
660.000000	0.00199208	660.000000	0.00187159	660.000000	0.00185619	660.000000	0.00185424	660.000000	0.00185625	660.000000	0.00187126	660.000000	3.32474e-07	
680.000000	0.00197111	680.000000	0.00185354	680.000000	0.00183844	680.000000	0.00183654	680.000000	0.00183854	680.000000	0.00185322	680.000000	3.23437e-07	
700.000000	0.00195146	700.000000	0.00183664	700.000000	0.0018219 	700.000000	0.00181998	700.000000	0.00182197	700.000000	0.00183633	700.000000	3.14896e-07	
720.000000	0.00193302	720.000000	0.00182081	720.000000	0.00180648	720.000000	0.00180447	720.000000	0.00180645	720.000000	0.0018205 	720.000000	3.06811e-07	
740.000000	0.0019157 	740.000000	0.00180595	740.000000	0.001792  	740.000000	0.00178993	740.000000	0.0017919 	740.000000	0.00180565	740.000000	2.99144e-07	
760.000000	0.00189942	760.000000	0.00179199	760.000000	0.00177835	760.000000	0.00177628	760.000000	0.00177824	760.000000	0.0017917 	760.000000	2.91865e-07	
780.000000	0.0018841 	780.000000	0.00177887	780.000000	0.00176547	780.000000	0.00176344	780.000000	0.00176539	780.000000	0.00177858	780.000000	2.84944e-07	
800.000000	0.00186968	800.000000	0.00176652	800.000000	0.00175337	800.000000	0.00175137	800.000000	0.00175331	800.000000	0.00176624	800.000000	2.78356e-07	
820.000000	0.00185609	820.000000	0.00175489	820.000000	0.00174198	820.000000	0.00173999	820.000000	0.00174192	820.000000	0.00175462	820.000000	2.72076e-07	
840.000000	0.00184327	840.000000	0.00174392	840.000000	0.00173124	840.000000	0.00172927	840.000000	0.00173119	840.000000	0.00174366	840.000000	2.66083e-07	
860.000000	0.00183118	860.000000	0.00173358	860.000000	0.0017211 	860.000000	0.00171915	860.000000	0.00172106	860.000000	0.00173332	860.000000	2.60357e-07	
880.000000	0.00181977	880.000000	0.00172382	880.000000	0.00171153	880.000000	0.00170959	880.000000	0.0017115 	880.000000	0.00172357	880.000000	2.54882e-07	
900.000000	0.001809  	900.000000	0.00171461	900.000000	0.00170248	900.000000	0.00170056	900.000000	0.00170246	900.000000	0.00171436	900.000000	2.4964e-07	
920.000000	0.00179882	920.000000	0.0017059 	920.000000	0.00169393	920.000000	0.00169202	920.000000	0.00169391	920.000000	0.00170565	920.000000	2.44616e-07	
940.000000	0.0017892 	940.000000	0.00169767	940.000000	0.00168583	940.000000	0.00168393	940.000000	0.00168582	940.000000	0.00169743	940.000000	2.39799e-07	
960.000000	0.00178011	960.000000	0.00168988	960.000000	0.00167816	960.000000	0.00167628	960.000000	0.00167816	960.000000	0.00168965	960.000000	2.35174e-07	
980.000000	0.00177152	980.000000	0.00168252	980.000000	0.0016709 	980.000000	0.00166902	980.000000	0.0016709 	980.000000	0.00168229	980.000000	2.3073e-07	
1000.000000	0.00176339	1000.000000	0.00167555	1000.000000	0.00166401	1000.000000	0.00166215	1000.000000	0.00166402	1000.000000	0.00167532	1000.000000	2.26457e-07	
1020.000000	0.00175571	1020.000000	0.00166896	1020.000000	0.00165747	1020.000000	0.00165562	1020.000000	0.00165749	1020.000000	0.00166874	1020.000000	2.22344e-07	
1040.000000	0.00174845	1040.000000	0.00166272	1040.000000	0.00165127	1040.000000	0.00164943	1040.000000	0.00165129	1040.000000	0.0016625 	1040.000000	2.18384e-07	
1060.000000	0.00174159	1060.000000	0.00165681	1060.000000	0.00164538	1060.000000	0.00164355	1060.000000	0.00164541	1060.000000	0.00165659	1060.000000	2.14568e-07	
1080.000000	0.0017351 	1080.000000	0.00165121	1080.000000	0.00163978	1080.000000	0.00163797	1080.000000	0.00163982	1080.000000	0.001651  	1080.000000	2.10887e-07	
1100.000000	0.00172897	1100.000000	0.00164592	1100.000000	0.00163447	1100.000000	0.00163266	1100.000000	0.00163451	1100.000000	0.00164571	1100.000000	2.07334e-07	
1120.000000	0.00172318	1120.000000	0.00164091	1120.000000	0.00162942	1120.000000	0.00162762	1120.000000	0.00162946	1120.000000	0.0016407 	1120.000000	2.03904e-07	
1140.000000	0.00171771	1140.000000	0.00163616	1140.000000	0.00162462	1140.000000	0.00162282	1140.000000	0.00162466	1140.000000	0.00163596	1140.000000	2.00589e-07	
1160.000000	0.00171255	1160.000000	0.00163167	1160.000000	0.00162005	1160.000000	0.00161826	1160.000000	0.00162009	1160.000000	0.00163147	1160.000000	1.97384e-07	
1180.000000	0.00170768	1180.000000	0.00162742	1180.000000	0.0016157 	1180.000000	0.00161392	1180.000000	0.00161575	1180.000000	0.00162722	1180.000000	1.94283e-07	
1200.000000	0.00170309	1200.000000	0.0016234 	1200.000000	0.00161156	1200.000000	0.00160979	1200.000000	0.00161161	1200.000000	0.00162321	1200.000000	1.91282e-07	
1220.000000	0.00169876	1220.000000	0.0016196 	1220.000000	0.00160761	1220.000000	0.00160586	1220.000000	0.00160768	1220.000000	0.00161941	1220.000000	1.88375e-07	
1240.000000	0.00169469	1240.000000	0.001616  	1240.000000	0.00160386	1240.000000	0.00160212	1240.000000	0.00160393	1240.000000	0.00161582	1240.000000	1.85559e-07	
1260.000000	0.00169086	1260.000000	0.00161261	1260.000000	0.00160028	1260.000000	0.00159856	1260.000000	0.00160037	1260.000000	0.00161242	1260.000000	1.82828e-07	
1280.000000	0.00168726	1280.000000	0.0016094 	1280.000000	0.00159688	1280.000000	0.00159516	1280.000000	0.00159697	1280.000000	0.00160922	1280.000000	1.80179e-07	
1300.000000	0.00168389	1300.000000	0.00160638	1300.000000	0.00159365	1300.000000	0.00159193	1300.000000	0.00159373	1300.000000	0.0016062 	1300.000000	1.77609e-07	
1320.000000	0.00168072	1320.000000	0.00160352	1320.000000	0.00159058	1320.000000	0.00158885	1320.000000	0.00159065	1320.000000	0.00160335	1320.000000	1.75113e-07	
1340.000000	0.00167776	1340.000000	0.00160084	1340.000000	0.00158767	1340.000000	0.00158592	1340.000000	0.00158772	1340.000000	0.00160066	1340.000000	1.72689e-07	
1360.000000	0.001675  	1360.000000	0.00159831	1360.000000	0.0015849 	1360.000000	0.00158313	1360.000000	0.00158492	1360.000000	0.00159814	1360.000000	1.70334e-07	
1380.000000	0.00167242	1380.000000	0.00159593	1380.000000	0.00158226	1380.000000	0.00158047	1380.000000	0.00158226	1380.000000	0.00159576	1380.000000	1.68044e-07	
1400.000000	0.00167003	1400.000000	0.00159369	1400.000000	0.00157975	1400.000000	0.00157794	1400.000000	0.00157972	1400.000000	0.00159353	1400.000000	1.65817e-07	
1420.000000	0.0016678 	1420.000000	0.0015916 	1420.000000	0.00157736	1420.000000	0.00157553	1420.000000	0.00157731	1420.000000	0.00159144	1420.000000	1.63651e-07	
1440.000000	0.00166575	1440.000000	0.00158964	1440.000000	0.00157508	1440.000000	0.00157323	1440.000000	0.00157501	1440.000000	0.00158948	1440.000000	1.61542e-07	
1460.000000	0.00166385	1460.000000	0.0015878 	1460.000000	0.0015729 	1460.000000	0.00157104	1460.000000	0.00157282	1460.000000	0.00158764	1460.000000	1.59489e-07	
1480.000000	0.00166211	1480.000000	0.00158609	1480.000000	0.00157082	1480.000000	0.00156896	1480.000000	0.00157073	1480.000000	0.00158593	1480.000000	1.57489e-07	
1500.000000	0.00166051	1500.000000	0.0015845 	1500.000000	0.00156883	1500.000000	0.00156697	1500.000000	0.00156875	1500.000000	0.00158434	1500.000000	1.5554e-07	
1520.000000	0.00165906	1520.000000	0.00158302	1520.000000	0.00156694	1520.000000	0.00156509	1520.000000	0.00156686	1520.000000	0.00158286	1520.000000	1.53641e-07	
1540.000000	0.00165774	1540.000000	0.00158165	1540.000000	0.00156514	1540.000000	0.00156329	1540.000000	0.00156506	1540.000000	0.00158149	1540.000000	1.51789e-07	
1560.000000	0.00165656	1560.000000	0.00158038	1560.000000	0.00156342	1560.000000	0.00156159	1560.000000	0.00156335	1560.000000	0.00158023	1560.000000	1.49983e-07	
1580.000000	0.00165551	1580.000000	0.00157921	1580.000000	0.00156179	1580.000000	0.00155996	1580.000000	0.00156173	1580.000000	0.00157906	1580.000000	1.48221e-07	
1600.000000	0.00165458	1600.000000	0.00157814	1600.000000	0.00156024	1600.000000	0.00155842	1600.000000	0.00156018	1600.000000	0.001578  	1600.000000	1.46501e-07	
1620.000000	0.00165377	1620.000000	0.00157717	1620.000000	0.00155876	1620.000000	0.00155695	1620.000000	0.00155871	1620.000000	0.00157702	1620.000000	1.44822e-07	
1640.000000	0.00165308	1640.000000	0.00157628	1640.000000	0.00155736	1640.000000	0.00155556	1640.000000	0.00155732	1640.000000	0.00157614	1640.000000	1.43182e-07	
1660.000000	0.0016525 	1660.000000	0.00157548	1660.000000	0.00155604	1660.000000	0.00155424	1660.000000	0.001556  	1660.000000	0.00157534	1660.000000	1.41581e-07	
1680.000000	0.00165202	1680.000000	0.00157476	1680.000000	0.00155478	1680.000000	0.00155299	1680.000000	0.00155474	1680.000000	0.00157462	1680.000000	1.40016e-07	
1700.000000	0.00165165	1700.000000	0.00157413	1700.000000	0.00155359	1700.000000	0.0015518 	1700.000000	0.00155355	1700.000000	0.00157399	1700.000000	1.38486e-07	
1750.000000	0.00165117	1750.000000	0.00157288	1750.000000	0.00155088	1750.000000	0.0015491 	1750.000000	0.00155084	1750.000000	0.00157274	1750.000000	1.34809e-07	
1800.000000	0.00165126	1800.000000	0.00157208	1800.000000	0.00154853	1800.000000	0.00154675	1800.000000	0.00154849	1800.000000	0.00157195	1800.000000	1.31329e-07	
1850.000000	0.00165191	1850.000000	0.00157169	1850.000000	0.00154649	1850.000000	0.00154472	1850.000000	0.00154646	1850.000000	0.00157156	1850.000000	1.2803e-07	
1900.000000	0.00165305	1900.000000	0.00157167	1900.000000	0.00154475	1900.000000	0.00154299	1900.000000	0.00154472	1900.000000	0.00157155	1900.000000	1.24898e-07	
1950.000000	0.00165467	1950.000000	0.00157201	1950.000000	0.00154327	1950.000000	0.00154151	1950.000000	0.00154324	1950.000000	0.00157189	1950.000000	1.21921e-07	
2000.000000	0.00165672	2000.000000	0.00157268	2000.000000	0.00154203	2000.000000	0.00154028	2000.000000	0.00154201	2000.000000	0.00157256	2000.000000	1.19087e-07	
2100.000000	0.00166202	2100.000000	0.00157489	2100.000000	0.00154018	2100.000000	0.00153845	2100.000000	0.00154017	2100.000000	0.00157477	2100.000000	1.13809e-07	
2200.000000	0.00166877	2200.000000	0.00157814	2200.000000	0.00153908	2200.000000	0.00153736	2200.000000	0.00153907	2200.000000	0.00157803	2200.000000	1.08993e-07	
2300.000000	0.00167679	2300.000000	0.00158229	2300.000000	0.00153858	2300.000000	0.00153687	2300.000000	0.00153858	2300.000000	0.00158219	2300.000000	1.04581e-07	
2400.000000	0.00168594	2400.000000	0.00158724	2400.000000	0.00153861	2400.000000	0.00153691	2400.000000	0.00153861	2400.000000	0.00158714	2400.000000	1.00523e-07	
2500.000000	0.0016961 	2500.000000	0.00159288	2500.000000	0.00153907	2500.000000	0.00153738	2500.000000	0.00153908	2500.000000	0.00159278	2500.000000	9.67781e-08	
2600.000000	0.00170719	2600.000000	0.00159914	2600.000000	0.0015399 	2600.000000	0.00153821	2600.000000	0.00153991	2600.000000	0.00159905	2600.000000	9.33109e-08	
2700.000000	0.0017191 	2700.000000	0.00160595	2700.000000	0.00154104	2700.000000	0.00153936	2700.000000	0.00154106	2700.000000	0.00160586	2700.000000	9.00912e-08	
2800.000000	0.00173177	2800.000000	0.00161324	2800.000000	0.00154245	2800.000000	0.00154078	2800.000000	0.00154247	2800.000000	0.00161315	2800.000000	8.70932e-08	
2900.000000	0.00174513	2900.000000	0.00162097	2900.000000	0.00154409	2900.000000	0.00154242	2900.000000	0.0015441 	2900.000000	0.00162088	2900.000000	8.42945e-08	
3000.000000	0.00175913	3000.000000	0.00162909	3000.000000	0.00154591	3000.000000	0.00154425	3000.000000	0.00154593	3000.000000	0.00162901	3000.000000	8.16758e-08	
3200.000000	0.00178884	3200.000000	0.00164635	3200.000000	0.00155003	3200.000000	0.00154838	3200.000000	0.00155006	3200.000000	0.00164628	3200.000000	7.69119e-08	
3400.000000	0.00182058	3400.000000	0.00166478	3400.000000	0.00155463	3400.000000	0.00155298	3400.000000	0.00155466	3400.000000	0.00166471	3400.000000	7.26891e-08	
3600.000000	0.00185409	3600.000000	0.00168416	3600.000000	0.00155956	3600.000000	0.00155792	3600.000000	0.00155959	3600.000000	0.0016841 	3600.000000	6.89192e-08	
3800.000000	0.00188917	3800.000000	0.00170435	3800.000000	0.00156473	3800.000000	0.0015631 	3800.000000	0.00156476	3800.000000	0.00170429	3800.000000	6.55324e-08	
4000.000000	0.00192565	4000.000000	0.00172522	4000.000000	0.00157006	4000.000000	0.00156843	4000.000000	0.00157009	4000.000000	0.00172515	4000.000000	6.24725e-08	
4200.000000	0.0019634 	4200.000000	0.00174666	4200.000000	0.00157548	4200.000000	0.00157386	4200.000000	0.00157552	4200.000000	0.0017466 	4200.000000	5.9694e-08	
4400.000000	0.00200231	4400.000000	0.00176859	4400.000000	0.00158097	4400.000000	0.00157935	4400.000000	0.00158101	4400.000000	0.00176853	4400.000000	5.71594e-08	
4600.000000	0.00204228	4600.000000	0.00179094	4600.000000	0.00158648	4600.000000	0.00158486	4600.000000	0.00158652	4600.000000	0.00179089	4600.000000	5.48375e-08	
4800.000000	0.00208325	4800.000000	0.00181366	4800.000000	0.00159198	4800.000000	0.00159037	4800.000000	0.00159202	4800.000000	0.00181361	4800.000000	5.27025e-08	
5000.000000	0.00212513	5000.000000	0.00183669	5000.000000	0.00159746	5000.000000	0.00159585	5000.000000	0.0015975 	5000.000000	0.00183664	5000.000000	5.07324e-08	
5250.000000	0.00217871	5250.000000	0.00186587	5250.000000	0.00160425	5250.000000	0.00160265	5250.000000	0.00160429	5250.000000	0.00186583	5250.000000	4.84737e-08	
5500.000000	0.00223354	5500.000000	0.00189542	5500.000000	0.00161096	5500.000000	0.00160936	5500.000000	0.001611  	5500.000000	0.00189537	5500.000000	4.64133e-08	
6000.000000	0.00234673	6000.000000	0.0019554 	6000.000000	0.00162407	6000.000000	0.00162247	6000.000000	0.00162411	6000.000000	0.00195536	6000.000000	4.27907e-08	
6500.000000	0.00246421	6500.000000	0.00201631	6500.000000	0.00163672	6500.000000	0.00163513	6500.000000	0.00163676	6500.000000	0.00201627	6500.000000	3.97072e-08	
7000.000000	0.00258565	7000.000000	0.00207791	7000.000000	0.00164888	7000.000000	0.00164729	7000.000000	0.00164892	7000.000000	0.00207787	7000.000000	3.705e-08 	
7500.000000	0.0027108 	7500.000000	0.00214003	7500.000000	0.00166055	7500.000000	0.00165896	7500.000000	0.00166059	7500.000000	0.00213999	7500.000000	3.47355e-08	
8000.000000	0.00283946	8000.000000	0.00220254	8000.000000	0.00167174	8000.000000	0.00167015	8000.000000	0.00167178	8000.000000	0.0022025 	8000.000000	3.27009e-08	
8500.000000	0.0029715 	8500.000000	0.00226534	8500.000000	0.00168247	8500.000000	0.00168088	8500.000000	0.0016825 	8500.000000	0.00226531	8500.000000	3.08978e-08	
9000.000000	0.00310679	9000.000000	0.00232837	9000.000000	0.00169275	9000.000000	0.00169117	9000.000000	0.00169279	9000.000000	0.00232834	9000.000000	2.92887e-08	
9500.000000	0.00324525	9500.000000	0.00239156	9500.000000	0.00170263	9500.000000	0.00170105	9500.000000	0.00170266	9500.000000	0.00239154	9500.000000	2.78433e-08	
10000.000000	0.0033868 	10000.000000	0.00245488	10000.000000	0.00171214	10000.000000	0.00171054	10000.000000	0.00171215	10000.000000	0.00245486	10000.000000	2.65379e-08	
11000.000000	0.00367897	11000.000000	0.00258177	11000.000000	0.00173002	11000.000000	0.00172844	11000.000000	0.00173004	11000.000000	0.00258174	11000.000000	2.42718e-08	
12000.000000	0.00398296	12000.000000	0.00270882	12000.000000	0.00174657	12000.000000	0.00174505	12000.000000	0.00174664	12000.000000	0.0027088 	12000.000000	2.23717e-08	
13000.000000	0.00429854	13000.000000	0.0028359 	13000.000000	0.00176203	13000.000000	0.00176052	13000.000000	0.0017621 	13000.000000	0.00283588	13000.000000	2.07549e-08	
14000.000000	0.00462557	14000.000000	0.00296294	14000.000000	0.00177658	14000.000000	0.00177498	14000.000000	0.00177655	14000.000000	0.00296292	14000.000000	1.93619e-08	
15000.000000	0.00496393	15000.000000	0.00308987	15000.000000	0.00179028	15000.000000	0.00178855	15000.000000	0.00179011	15000.000000	0.00308985	15000.000000	1.81488e-08	
16000.000000	0.00531356	16000.000000	0.00321666	16000.000000	0.00180314	16000.000000	0.00180132	16000.000000	0.00180287	16000.000000	0.00321664	16000.000000	1.70827e-08	
17000.000000	0.00567442	17000.000000	0.00334327	17000.000000	0.00181522	17000.000000	0.00181337	17000.000000	0.00181491	17000.000000	0.00334325	17000.000000	1.61381e-08	
18000.000000	0.00604651	18000.000000	0.0034697 	18000.000000	0.00182658	18000.000000	0.00182478	18000.000000	0.00182631	18000.000000	0.00346968	18000.000000	1.52953e-08	
19000.000000	0.0064298 	19000.000000	0.00359593	19000.000000	0.0018373 	19000.000000	0.0018356 	19000.000000	0.00183712	19000.000000	0.00359591	19000.000000	1.45383e-08	
20000.000000	0.0068243 	20000.000000	0.00372195	20000.000000	0.00184745	20000.000000	0.0018459 	20000.000000	0.0018474 	20000.000000	0.00372194	20000.000000	1.38548e-08	
21000.000000	0.00723004	21000.000000	0.00384777	21000.000000	0.00185714	21000.000000	0.00185571	21000.000000	0.0018572 	21000.000000	0.00384776	21000.000000	1.32343e-08	
22000.000000	0.00764704	22000.000000	0.00397338	22000.000000	0.00186651	22000.000000	0.00186509	22000.000000	0.00186656	22000.000000	0.00397336	22000.000000	1.26685e-08	
23000.000000	0.00807532	23000.000000	0.00409878	23000.000000	0.00187549	23000.000000	0.00187405	23000.000000	0.00187552	23000.000000	0.00409877	23000.000000	1.21504e-08	
24000.000000	0.00851492	24000.000000	0.00422397	24000.000000	0.00188408	24000.000000	0.00188265	24000.000000	0.0018841 	24000.000000	0.00422396	24000.000000	1.16741e-08	
25000.000000	0.00896588	25000.000000	0.00434896	25000.000000	0.00189233	25000.000000	0.0018909 	25000.000000	0.00189233	25000.000000	0.00434895	25000.000000	1.12347e-08	
26000.000000	0.00942823	26000.000000	0.00447375	26000.000000	0.00190026	26000.000000	0.00189884	26000.000000	0.00190025	26000.000000	0.00447374	26000.000000	1.08281e-08	
27000.000000	0.00990203	27000.000000	0.00459835	27000.000000	0.00190791	27000.000000	0.00190648	27000.000000	0.00190787	27000.000000	0.00459834	27000.000000	1.04507e-08	
28000.000000	0.0103873 	28000.000000	0.00472275	28000.000000	0.00191527	28000.000000	0.00191384	28000.000000	0.00191522	28000.000000	0.00472274	28000.000000	1.00994e-08	
29000.000000	0.0108842 	29000.000000	0.00484696	29000.000000	0.00192236	29000.000000	0.00192094	29000.000000	0.0019223 	29000.000000	0.00484695	29000.000000	9.7716e-09	
30000.000000	0.0113926 	30000.000000	0.00497098	30000.000000	0.00192918	30000.000000	0.00192781	30000.000000	0.00192915	30000.000000	0.00497097	30000.000000	9.46498e-09	
32000.000000	0.0124444 	32000.000000	0.00521849	32000.000000	0.00194217	32000.000000	0.00194088	32000.000000	0.00194218	32000.000000	0.00521848	32000.000000	8.90751e-09	
34000.000000	0.0135433 	34000.000000	0.00546531	34000.000000	0.00195437	34000.000000	0.00195316	34000.000000	0.00195442	34000.000000	0.0054653 	34000.000000	8.41368e-09	
36000.000000	0.0146896 	36000.000000	0.00571146	36000.000000	0.00196589	36000.000000	0.00196473	36000.000000	0.00196594	36000.000000	0.00571145	36000.000000	7.97309e-09	
38000.000000	0.0158839 	38000.000000	0.00595697	38000.000000	0.0019768 	38000.000000	0.00197567	38000.000000	0.00197683	38000.000000	0.00595696	38000.000000	7.57751e-09	
40000.000000	0.0171266 	40000.000000	0.00620188	40000.000000	0.00198714	40000.000000	0.00198604	40000.000000	0.00198716	40000.000000	0.00620187	40000.000000	7.22031e-09	
42000.000000	0.0184183 	42000.000000	0.0064462 	42000.000000	0.00199697	42000.000000	0.0019959 	42000.000000	0.00199696	42000.000000	0.0064462 	42000.000000	6.89612e-09	
44000.000000	0.0197595 	44000.000000	0.00668997	44000.000000	0.00200633	44000.000000	0.0020053 	44000.000000	0.0020063 	44000.000000	0.00668997	44000.000000	6.60053e-09	
46000.000000	0.0211505 	46000.000000	0.00693321	46000.000000	0.00201525	46000.000000	0.00201426	46000.000000	0.00201521	46000.000000	0.0069332 	46000.000000	6.32989e-09	
48000.000000	0.0225921 	48000.000000	0.00717593	48000.000000	0.00202379	48000.000000	0.00202284	48000.000000	0.00202373	48000.000000	0.00717592	48000.000000	6.08113e-09	
50000.000000	0.0240847 	50000.000000	0.00741816	50000.000000	0.00203195	50000.000000	0.00203107	50000.000000	0.00203189	50000.000000	0.00741815	50000.000000	5.85169e-09	
